25946
29546
57624
13822
17996
17676
41698
33478
16184
68122
59786
29838
37480
35368
67432
29474
18018
35550
50704
4906
34950
40068
42554
4160
9838
43194
71412
37026
47784
12412
59824
48846
58036
72194
58442
1824
38890
7222
34766
21126
56994
25622
14202
6274
43074
56568
17842
31714
43810
65434
32628
72210
37826
53298
67114
39070
57978
2458
61552
15830
5554
44572
55768
38758
17922
39874
61400
67962
37748
67974
62398
35254
39504
28992
61312
53596
65792
55852
50328
36884
20920
48484
14056
19956
48824
24422
14742
61834
32074
40556
73606
68538
19212
5912
23172
28570
41366
38172
73482
14486
56042
2474
46290
60924
9976
45950
37372
3210
31302
18162
52410
63498
5834
46018
37166
64708
4270
39728
50084
53498
37382
60726
56376
2106
40782
58786
14514
49270
40716
6118
59766
52628
46880
21962
50594
24644
45836
69964
57320
4422
44716
41208
36060
15160
4866
9570
11360
62530
41260
25116
73948
73934
50574
45768
35420
71346
39010
4792
13384
26858
44184
72970
25528
67100
40386
68010
43770
17296
64256
38760
54668
7560
70514
55242
15988
57168
25506
54296
20236
37220
52690
41398
13488
73922
41760
17166
70070
41376
30722
32952
54290
19980
70338
64386
36968
38606
4870
62182
16998
39564
31754
36156
48064
33632
71594
12566
41832
35278
47456
70426
15920
41700
45684
49830
55618
18082
34542
45570
38154
14698
21578
5054
35714
40510
35156
73012
68478
7132
34612
30590
51622
58176
70956
17370
73864
16236
4714
56926
3088
62738
18030
1154
36844
58622
28246
37732
202
6700
11244
30782
64292
72182
62950
37720
11628
53120
5166
69564
67992
18588
1450
70988
2788
36570
56736
17818
40806
42158
37880
68238
26192
35498
256
50688
20636
73700
23300
7420
39694
36716
26758
52668
29134
49172
72590
16118
23090
46224
19304
49022
37580
46460
53138
3598
3680
40970
62574
26424
14890
60578
